0.122123553 0.96892188
0.172835147 0.628776869
0.230531779 0.465742524
0.256700441 0.42444093
0.374948703 0.317570733
0.442117411 0.328314084
0.474626605 0.238183356
0.498841761 0.249139508
0.55528284 0.232202102
0.589040023 0.205429623
0.695103966 0.224003757
0.724847388 0.18667923
0.711408342 0.177950366
0.834499448 0.177154504
0.809350563 0.191619363
0.89059335 0.200287269
0.924237455 0.146021627
0.40988267 0.274195551
0.27820884 0.421221398
0.250511184 0.400405953
0.20261838 0.519492199
0.183830043 0.576830658
0.224824963 0.674242371
0.14996019 0.760990851
0.169204383 0.814057134
0.199932427 0.805868054
0.177954928 0.943029281
0.194831771 1.011931545
0.247794484 0.6817209
0.275368187 0.535461939
0.323259479 0.4288651
0.375381668 0.373702214
0.484245943 0.394583352
0.539436793 0.309736738
0.541385152 0.310675449
0.606503027 0.274675754
0.621770435 0.296484785
0.705672318 0.232237262
0.7285415 0.248709794
0.782478906 0.234554513
0.926069978 0.269482452
0.881369333 0.268478731
0.939139246 0.228947862
0.965710611 0.218724377
0.441638513 0.315548789
0.288422029 0.511562942
0.301833496 0.467992946
0.273766447 0.612589686
0.194239058 0.596311172
0.301161858 0.700583455
0.225547517 0.850700688
0.227187391 0.850239414
0.252340326 0.881971422
0.228779917 1.001923815
0.288319862 1.031107293
0.304880502 0.716280864
0.353453936 0.609032975
0.362545516 0.45552046
0.445296146 0.415520435
0.513668628 0.436239134
0.578310476 0.401994236
0.617957002 0.376941807
0.630415504 0.320388192
0.701285003 0.355807207
0.749337643 0.262571547
0.773074471 0.258829531
0.85260525 0.289210294
0.971928208 0.324814918
0.914028041 0.314758054
0.991720551 0.261612275
1.011570012 0.274555119
0.456706441 0.389134352
0.292752251 0.522522742
0.356213215 0.501515318
0.321477095 0.623870471
0.219691084 0.612535604
0.325967737 0.778023864
0.229674042 0.896916807
0.291321779 0.904748343
0.346789796 0.927144597
0.29318929 1.022415979
0.319876632 1.081033136
0.320013039 0.802054906
0.397786076 0.635985493
0.427580404 0.534411252
0.525511395 0.463856135
0.519825622 0.461869861
0.66486727 0.46398135
0.688946311 0.434203876
0.685359687 0.383958216
0.744026353 0.437722089
0.792172867 0.284969265
0.805582042 0.280726963
0.864059878 0.315354704
0.975980666 0.375947101
0.986734763 0.399941662
1.044418841 0.301662869
1.046413807 0.297076145
0.517451451 0.436169152
0.330949489 0.524574508
0.365602899 0.558003213
0.333043533 0.680845548
0.311217493 0.61285333
0.409630671 0.800686678
0.265555102 0.913834811
0.345760746 0.975803134
0.372907232 0.998009565
0.359389851 1.111573463
0.346850512 1.108942332
0.385657824 0.81582402
0.43281447 0.65959986
0.504776226 0.626878247
0.575370805 0.52550025
0.544650292 0.519595422
0.694899248 0.50023667
0.722240534 0.469667704
0.712048219 0.449971355
0.810780793 0.467313178
0.815908851 0.376800452
0.814088146 0.352652185
0.926982854 0.377252203
1.030669363 0.422567673
1.054951252 0.485145258
1.069410659 0.353045209
1.052866486 0.367783545
0.542133452 0.440035737
0.396079484 0.605691292
0.373162848 0.645293852
0.345687442 0.775341275
0.35274085 0.629203597
0.490325813 0.809446975
0.33892097 0.969417648
0.384670349 0.981002477
0.439792608 1.067898947
0.410409531 1.14424637
